10,126
3,2
3,1
3,3
10,100
10,138
10,110
10,33
10,128
10,203
10,102
11,9
11,2
11,3
8,11
8,8
8,10
8,18
8,2
8,3
93,3
93,2
93,1
93,0
70,4
70,3
70,2
70,1
70,0
69,4
69,3
69,2
69,1
69,0
68,4
68,3
68,2
68,1
68,0
66,5
66,4
66,3
66,2
66,1
66,0
63,5
63,4
63,3
63,2
63,1
63,0
61,5
61,4
61,3
61,2
61,1
61,0
59,3
59,1
57,4
57,3
57,2
57,1
52,4
52,3
52,1
49,3
49,1
20,3
20,2
20,1
19,3
19,2
19,1
18,3
18,1
14,5
12,3
14,1
12,2
12,1
11,30
11,29
11,28
11,27
11,26
14,3
11,25
11,24
13,1
11,23
11,22
11,21
11,20
11,19
11,18
11,17
11,16
11,15
13,3
11,14
11,13
11,12
11,11
11,1
